sigma(o_0) = 1.389 * 10^-11
sigma(o_1) = 3.139 * 10^-17
sigma(o_2) = 0.99995
sigma(o_3) = 1.879 * 10^-12
sigma(o_4) = 1.714 * 10^-15
sigma(o_5) = 0.000045
sigma(o_6) = 3.05 * 10^-7 # 2p